0.00000000000000000000e+00	2.28639692068099975586e-07	2.25380063056945800781e-07	3.16649675369262695312e-07	2.35158950090408325195e-07	3.31550836563110351562e-07	2.90572643280029296875e-07	3.20840626955032348633e-07	3.62284481525421142578e-07	1.95577740669250488281e-07	3.61353158950805664062e-07	1.95577740669250488281e-07	2.62632966041564941406e-07	8.28877091407775878906e-08	1.09896063804626464844e-07	8.28877091407775878906e-08	3.66009771823883056641e-07	2.24914401769638061523e-07	4.35858964920043945312e-07	2.97091901302337646484e-07	2.97091901302337646484e-07	3.66009771823883056641e-07	2.97091901302337646484e-07	2.97091901302337646484e-07	2.25380063056945800781e-07	1.71829015016555786133e-07	2.96160578727722167969e-07	2.96160578727722167969e-07	3.58093529939651489258e-07	2.96160578727722167969e-07	2.96160578727722167969e-07	2.91038304567337036133e-07	2.91038304567337036133e-07	2.97091901302337646484e-07	9.40635800361633300781e-08	2.28639692068099975586e-07	2.72411853075027465820e-07	2.72411853075027465820e-07	3.11527401208877563477e-07	2.28639692068099975586e-07	2.79862433671951293945e-07	2.28639692068099975586e-07	3.11527401208877563477e-07	2.79862433671951293945e-07	3.35741788148880004883e-07	3.11527401208877563477e-07	2.28639692068099975586e-07	1.49477273225784301758e-07	4.07453626394271850586e-07	4.07453626394271850586e-07	1.57393515110015869141e-07	2.39349901676177978516e-07	3.33413481712341308594e-07	1.73225998878479003906e-07	3.03611159324645996094e-07	3.89292836189270019531e-07	1.50408595800399780273e-07	1.50408595800399780273e-07	3.03611159324645996094e-07	3.88827174901962280273e-07	3.93018126487731933594e-07	3.45986336469650268555e-07	3.88827174901962280273e-07	1.55996531248092651367e-07	1.73225998878479003906e-07	3.73926013708114624023e-07	3.53436917066574096680e-07	3.73926013708114624023e-07	1.72294676303863525391e-07	3.53902578353881835938e-07	2.58907675743103027344e-07	1.75088644027709960938e-07	3.57162207365036010742e-07	3.57162207365036010742e-07	3.57162207365036010742e-07	1.90455466508865356445e-07	1.74622982740402221680e-07	4.38652932643890380859e-07	1.74622982740402221680e-07	1.23865902423858642578e-07	1.74622982740402221680e-07	4.43309545516967773438e-07	4.43309545516967773438e-07	3.17580997943878173828e-07	4.38652932643890380859e-07	3.83239239454269409180e-07	1.74622982740402221680e-07	5.81145286560058593750e-07	3.45986336469650268555e-07	2.54716724157333374023e-07	2.69617885351181030273e-07	4.38652932643890380859e-07	2.34227627515792846680e-07	3.59490513801574707031e-07	3.59490513801574707031e-07	2.06753611564636230469e-07	3.24100255966186523438e-07	3.80910933017730712891e-07	2.94297933578491210938e-07	1.68103724718093872070e-07	
2.28639692068099975586e-07	0.00000000000000000000e+00	1.22934579849243164062e-07	4.54019755125045776367e-07	2.14669853448867797852e-07	2.50991433858871459961e-07	4.24683094024658203125e-07	4.24683094024658203125e-07	1.57393515110015869141e-07	2.81725078821182250977e-07	4.49363142251968383789e-07	2.81725078821182250977e-07	1.70897692441940307617e-07	2.75205820798873901367e-07	2.18395143747329711914e-07	2.75205820798873901367e-07	4.96394932270050048828e-07	1.22934579849243164062e-07	2.13738530874252319336e-07	2.59838998317718505859e-07	2.59838998317718505859e-07	4.96394932270050048828e-07	2.59838998317718505859e-07	2.59838998317718505859e-07	1.23400241136550903320e-07	2.14204192161560058594e-07	2.58907675743103027344e-07	2.58907675743103027344e-07	3.06405127048492431641e-07	2.58907675743103027344e-07	2.58907675743103027344e-07	1.41095370054244995117e-07	1.41095370054244995117e-07	2.59838998317718505859e-07	3.65078449249267578125e-07	2.76137143373489379883e-07	3.15718352794647216797e-07	3.15718352794647216797e-07	3.53902578353881835938e-07	2.76137143373489379883e-07	2.48197466135025024414e-07	2.76137143373489379883e-07	3.53902578353881835938e-07	2.48197466135025024414e-07	2.52388417720794677734e-07	3.53902578353881835938e-07	2.76137143373489379883e-07	3.57627868652343750000e-07	2.26777046918869018555e-07	2.26777046918869018555e-07	2.90572643280029296875e-07	3.13855707645416259766e-07	1.69035047292709350586e-07	2.81259417533874511719e-07	3.61818820238113403320e-07	3.80910933017730712891e-07	1.90455466508865356445e-07	1.90455466508865356445e-07	3.65078449249267578125e-07	3.80910933017730712891e-07	3.64147126674652099609e-07	2.14204192161560058594e-07	3.80910933017730712891e-07	1.33179128170013427734e-07	2.81259417533874511719e-07	2.70083546638488769531e-07	2.87313014268875122070e-07	4.18629497289657592773e-07	2.80328094959259033203e-07	3.30153852701187133789e-07	1.87195837497711181641e-07	2.04425305128097534180e-07	3.18977981805801391602e-07	3.18977981805801391602e-07	3.18977981805801391602e-07	4.40981239080429077148e-07	2.03493982553482055664e-07	1.78348273038864135742e-07	2.03493982553482055664e-07	3.28756868839263916016e-07	2.03493982553482055664e-07	4.43775206804275512695e-07	4.43775206804275512695e-07	4.04193997383117675781e-07	1.78348273038864135742e-07	3.54833900928497314453e-07	2.03493982553482055664e-07	2.59373337030410766602e-07	2.63564288616180419922e-07	3.40398401021957397461e-07	2.93832272291183471680e-07	1.78348273038864135742e-07	2.48197466135025024414e-07	2.87778675556182861328e-07	2.87778675556182861328e-07	2.51457095146179199219e-07	3.09664756059646606445e-07	3.26894223690032958984e-07	2.44472175836563110352e-07	3.10130417346954345703e-07	
2.25380063056945800781e-07	1.22934579849243164062e-07	0.00000000000000000000e+00	1.52271240949630737305e-07	2.32830643653869628906e-07	2.16998159885406494141e-07	3.57162207365036010742e-07	2.42143869400024414062e-07	3.11993062496185302734e-07	3.27825546264648437500e-07	3.24565917253494262695e-07	3.27825546264648437500e-07	2.74274498224258422852e-07	2.83122062683105468750e-07	2.87313014268875122070e-07	2.83122062683105468750e-07	1.46217644214630126953e-07	4.27011400461196899414e-07	3.79513949155807495117e-07	3.45986336469650268555e-07	3.45986336469650268555e-07	1.46217644214630126953e-07	3.45986336469650268555e-07	3.45986336469650268555e-07	4.27011400461196899414e-07	3.13390046358108520508e-07	3.45520675182342529297e-07	3.45520675182342529297e-07	2.44472175836563110352e-07	3.45520675182342529297e-07	3.45520675182342529297e-07	3.41795384883880615234e-07	3.41795384883880615234e-07	3.45986336469650268555e-07	1.22934579849243164062e-07	1.22934579849243164062e-07	3.27359884977340698242e-07	3.27359884977340698242e-07	1.53668224811553955078e-07	1.22934579849243164062e-07	3.69269400835037231445e-07	1.22934579849243164062e-07	1.53668224811553955078e-07	3.69269400835037231445e-07	1.76485627889633178711e-07	1.53668224811553955078e-07	1.22934579849243164062e-07	4.20492142438888549805e-07	3.45520675182342529297e-07	3.45520675182342529297e-07	4.56813722848892211914e-07	2.96626240015029907227e-07	2.50991433858871459961e-07	2.97091901302337646484e-07	2.13272869586944580078e-07	1.86264514923095703125e-07	1.75088644027709960938e-07	1.75088644027709960938e-07	2.13272869586944580078e-07	1.86264514923095703125e-07	4.40049916505813598633e-07	2.01165676116943359375e-07	1.86264514923095703125e-07	2.31433659791946411133e-07	2.97091901302337646484e-07	2.41678208112716674805e-07	3.68338078260421752930e-07	3.12458723783493041992e-07	2.96626240015029907227e-07	3.39001417160034179688e-07	3.26894223690032958984e-07	4.14904206991195678711e-07	4.10713255405426025391e-07	4.10713255405426025391e-07	4.10713255405426025391e-07	3.27359884977340698242e-07	4.13972884416580200195e-07	2.21189111471176147461e-07	4.13972884416580200195e-07	3.48314642906188964844e-07	4.13972884416580200195e-07	4.06522303819656372070e-07	4.06522303819656372070e-07	3.75788658857345581055e-07	2.21189111471176147461e-07	3.13855707645416259766e-07	4.13972884416580200195e-07	1.36438757181167602539e-07	1.85333192348480224609e-07	2.69152224063873291016e-07	3.83239239454269409180e-07	2.21189111471176147461e-07	3.77651304006576538086e-07	2.10944563150405883789e-07	2.10944563150405883789e-07	2.16532498598098754883e-07	2.77999788522720336914e-07	3.15718352794647216797e-07	2.45403498411178588867e-07	4.07919287681579589844e-07	
3.16649675369262695312e-07	4.54019755125045776367e-07	1.52271240949630737305e-07	0.00000000000000000000e+00	3.45986336469650268555e-07	2.72411853075027465820e-07	4.08384948968887329102e-07	3.99071723222732543945e-07	2.84519046545028686523e-07	3.02679836750030517578e-07	4.02331352233886718750e-07	3.02679836750030517578e-07	1.82539224624633789062e-07	2.58442014455795288086e-07	2.84053385257720947266e-07	2.58442014455795288086e-07	2.64029949903488159180e-07	1.51805579662322998047e-07	2.69617885351181030273e-07	2.72877514362335205078e-07	2.72877514362335205078e-07	2.64029949903488159180e-07	2.72877514362335205078e-07	2.72877514362335205078e-07	1.52271240949630737305e-07	3.15252691507339477539e-07	2.72411853075027465820e-07	2.72411853075027465820e-07	2.79396772384643554688e-07	2.72411853075027465820e-07	2.72411853075027465820e-07	1.86264514923095703125e-07	1.86264514923095703125e-07	2.72877514362335205078e-07	2.05356627702713012695e-07	4.54019755125045776367e-07	3.11061739921569824219e-07	3.11061739921569824219e-07	4.24683094024658203125e-07	4.54019755125045776367e-07	2.46800482273101806641e-07	4.54019755125045776367e-07	4.21423465013504028320e-07	2.46800482273101806641e-07	2.16998159885406494141e-07	4.21423465013504028320e-07	4.54019755125045776367e-07	2.94763594865798950195e-07	2.26311385631561279297e-07	2.26311385631561279297e-07	1.60653144121170043945e-07	3.82773578166961669922e-07	2.44472175836563110352e-07	2.76602804660797119141e-07	4.90806996822357177734e-07	2.04425305128097534180e-07	4.57279384136199951172e-07	4.57279384136199951172e-07	4.90806996822357177734e-07	2.03959643840789794922e-07	1.82539224624633789062e-07	5.52739948034286499023e-07	2.03959643840789794922e-07	4.00468707084655761719e-07	2.76602804660797119141e-07	3.84636223316192626953e-07	4.05125319957733154297e-07	2.57045030593872070312e-07	2.76137143373489379883e-07	1.75088644027709960938e-07	2.29571014642715454102e-07	2.66358256340026855469e-07	2.05822288990020751953e-07	2.05822288990020751953e-07	2.05822288990020751953e-07	3.35276126861572265625e-07	2.65892595052719116211e-07	3.89758497476577758789e-07	2.65892595052719116211e-07	4.45637851953506469727e-07	2.65892595052719116211e-07	3.16649675369262695312e-07	3.16649675369262695312e-07	3.99071723222732543945e-07	3.89758497476577758789e-07	3.94880771636962890625e-07	2.65892595052719116211e-07	3.50642949342727661133e-07	1.82539224624633789062e-07	3.43658030033111572266e-07	1.78348273038864135742e-07	3.89758497476577758789e-07	2.56113708019256591797e-07	3.13390046358108520508e-07	3.13390046358108520508e-07	5.12693077325820922852e-07	1.96974724531173706055e-07	3.20374965667724609375e-07	2.27242708206176757812e-07	2.39349901676177978516e-07	
2.35158950090408325195e-07	2.14669853448867797852e-07	2.32830643653869628906e-07	3.45986336469650268555e-07	0.00000000000000000000e+00	2.84053385257720947266e-07	3.76719981431961059570e-07	4.56813722848892211914e-07	1.74622982740402221680e-07	3.08267772197723388672e-07	3.49711626768112182617e-07	3.08267772197723388672e-07	1.72760337591171264648e-07	3.20374965667724609375e-07	3.21771949529647827148e-07	3.20374965667724609375e-07	4.71249222755432128906e-07	2.32364982366561889648e-07	2.75205820798873901367e-07	2.28639692068099975586e-07	2.28639692068099975586e-07	4.71249222755432128906e-07	2.28639692068099975586e-07	2.28639692068099975586e-07	2.32830643653869628906e-07	2.25380063056945800781e-07	2.27708369493484497070e-07	2.27708369493484497070e-07	2.99885869026184082031e-07	2.27708369493484497070e-07	2.27708369493484497070e-07	2.32830643653869628906e-07	2.32830643653869628906e-07	2.28639692068099975586e-07	3.64147126674652099609e-07	2.14669853448867797852e-07	3.76719981431961059570e-07	3.76719981431961059570e-07	3.47383320331573486328e-07	2.14669853448867797852e-07	3.43192368745803833008e-07	2.14669853448867797852e-07	3.47383320331573486328e-07	3.43192368745803833008e-07	3.12458723783493041992e-07	3.47383320331573486328e-07	2.14669853448867797852e-07	3.48314642906188964844e-07	2.18860805034637451172e-07	2.18860805034637451172e-07	4.24683094024658203125e-07	2.99885869026184082031e-07	3.18512320518493652344e-07	2.23051756620407104492e-07	4.28408384323120117188e-07	2.73343175649642944336e-07	2.67755240201950073242e-07	2.67755240201950073242e-07	4.31668013334274291992e-07	2.73343175649642944336e-07	3.34810465574264526367e-07	2.64495611190795898438e-07	2.73343175649642944336e-07	3.65078449249267578125e-07	2.23051756620407104492e-07	3.04542481899261474609e-07	2.09081918001174926758e-07	3.08267772197723388672e-07	2.22586095333099365234e-07	1.68103724718093872070e-07	2.47731804847717285156e-07	1.74622982740402221680e-07	3.57162207365036010742e-07	3.57162207365036010742e-07	3.57162207365036010742e-07	2.98023223876953125000e-07	1.74157321453094482422e-07	1.77416950464248657227e-07	1.74157321453094482422e-07	3.47383320331573486328e-07	1.74157321453094482422e-07	3.69269400835037231445e-07	3.69269400835037231445e-07	3.24565917253494262695e-07	1.77416950464248657227e-07	3.71132045984268188477e-07	1.74157321453094482422e-07	4.09781932830810546875e-07	2.47731804847717285156e-07	4.28874045610427856445e-07	1.79279595613479614258e-07	1.77416950464248657227e-07	3.43192368745803833008e-07	2.45869159698486328125e-07	2.45869159698486328125e-07	2.52854079008102416992e-07	3.52039933204650878906e-07	3.60421836376190185547e-07	2.70083546638488769531e-07	4.13972884416580200195e-07	
3.31550836563110351562e-07	2.50991433858871459961e-07	2.16998159885406494141e-07	2.72411853075027465820e-07	2.84053385257720947266e-07	0.00000000000000000000e+00	1.00582838058471679688e-07	4.00468707084655761719e-07	2.17929482460021972656e-07	2.50991433858871459961e-07	2.90572643280029296875e-07	2.50991433858871459961e-07	4.72646206617355346680e-07	2.42143869400024414062e-07	4.25614416599273681641e-07	2.42143869400024414062e-07	2.36090272665023803711e-07	2.16532498598098754883e-07	2.85916030406951904297e-07	2.37021595239639282227e-07	2.37021595239639282227e-07	2.36090272665023803711e-07	2.37021595239639282227e-07	2.37021595239639282227e-07	2.16998159885406494141e-07	4.02331352233886718750e-07	2.36555933952331542969e-07	2.36555933952331542969e-07	2.91038304567337036133e-07	2.36555933952331542969e-07	2.36555933952331542969e-07	2.91969627141952514648e-07	2.91969627141952514648e-07	2.37021595239639282227e-07	2.89641320705413818359e-07	2.50991433858871459961e-07	3.18046659231185913086e-07	3.18046659231185913086e-07	2.74740159511566162109e-07	2.50991433858871459961e-07	2.29105353355407714844e-07	2.50991433858871459961e-07	2.74740159511566162109e-07	2.29105353355407714844e-07	4.97326254844665527344e-07	2.74740159511566162109e-07	2.50991433858871459961e-07	1.82539224624633789062e-07	2.52854079008102416992e-07	2.52854079008102416992e-07	3.86498868465423583984e-07	2.79396772384643554688e-07	3.41795384883880615234e-07	3.33413481712341308594e-07	3.10130417346954345703e-07	1.77416950464248657227e-07	3.86498868465423583984e-07	3.86498868465423583984e-07	3.10130417346954345703e-07	1.77416950464248657227e-07	2.69617885351181030273e-07	3.10596078634262084961e-07	1.77416950464248657227e-07	3.36673110723495483398e-07	3.33413481712341308594e-07	3.24100255966186523438e-07	2.66358256340026855469e-07	2.08150595426559448242e-07	3.32947820425033569336e-07	1.44354999065399169922e-07	5.56465238332748413086e-07	3.61818820238113403320e-07	2.23983079195022583008e-07	2.23983079195022583008e-07	2.23983079195022583008e-07	2.90106981992721557617e-07	3.60887497663497924805e-07	2.98954546451568603516e-07	3.60887497663497924805e-07	2.45869159698486328125e-07	3.60887497663497924805e-07	2.16066837310791015625e-07	2.16066837310791015625e-07	3.11527401208877563477e-07	2.99420207738876342773e-07	3.14787030220031738281e-07	3.60887497663497924805e-07	3.85101884603500366211e-07	4.07919287681579589844e-07	2.07684934139251708984e-07	1.60653144121170043945e-07	2.99420207738876342773e-07	3.45986336469650268555e-07	2.30967998504638671875e-07	2.30967998504638671875e-07	3.03145498037338256836e-07	3.00351530313491821289e-07	2.89641320705413818359e-07	4.58210706710815429688e-07	3.51108610630035400391e-07	
2.90572643280029296875e-07	4.24683094024658203125e-07	3.57162207365036010742e-07	4.08384948968887329102e-07	3.76719981431961059570e-07	1.00582838058471679688e-07	0.00000000000000000000e+00	3.80910933017730712891e-07	1.91386789083480834961e-07	2.91503965854644775391e-07	3.11061739921569824219e-07	2.91503965854644775391e-07	4.24683094024658203125e-07	9.12696123123168945312e-08	2.60770320892333984375e-08	9.12696123123168945312e-08	2.11410224437713623047e-07	3.57162207365036010742e-07	3.20840626955032348633e-07	2.35624611377716064453e-07	2.35624611377716064453e-07	2.11410224437713623047e-07	2.35624611377716064453e-07	2.35624611377716064453e-07	3.57627868652343750000e-07	8.66129994392395019531e-08	2.35158950090408325195e-07	2.35158950090408325195e-07	3.11527401208877563477e-07	2.35158950090408325195e-07	2.35158950090408325195e-07	2.90572643280029296875e-07	2.90572643280029296875e-07	2.35624611377716064453e-07	1.69966369867324829102e-07	4.24683094024658203125e-07	6.70552253723144531250e-08	6.70552253723144531250e-08	4.22820448875427246094e-07	4.24683094024658203125e-07	2.00700014829635620117e-07	4.24683094024658203125e-07	4.22820448875427246094e-07	2.00700014829635620117e-07	4.87547367811203002930e-07	4.22820448875427246094e-07	4.24683094024658203125e-07	3.45055013895034790039e-07	2.50991433858871459961e-07	2.50991433858871459961e-07	3.10596078634262084961e-07	3.68803739547729492188e-07	3.24565917253494262695e-07	7.35744833946228027344e-08	4.07919287681579589844e-07	3.85101884603500366211e-07	3.21771949529647827148e-07	3.21771949529647827148e-07	4.07919287681579589844e-07	3.84636223316192626953e-07	3.83704900741577148438e-07	4.58676367998123168945e-07	3.84636223316192626953e-07	3.49711626768112182617e-07	7.35744833946228027344e-08	4.97791916131973266602e-07	3.50177288055419921875e-07	3.22703272104263305664e-07	7.31088221073150634766e-08	2.19792127609252929688e-07	3.19909304380416870117e-07	3.16649675369262695312e-08	4.54019755125045776367e-07	4.54019755125045776367e-07	4.54019755125045776367e-07	2.50525772571563720703e-07	3.11993062496185302734e-08	2.08150595426559448242e-07	3.11993062496185302734e-08	1.78813934326171875000e-07	3.11993062496185302734e-08	2.55182385444641113281e-07	2.55182385444641113281e-07	4.28874045610427856445e-07	2.08150595426559448242e-07	3.50642949342727661133e-07	3.11993062496185302734e-08	3.47848981618881225586e-07	3.80445271730422973633e-07	3.97209078073501586914e-07	2.45869159698486328125e-07	2.08150595426559448242e-07	0.00000000000000000000e+00	4.13972884416580200195e-07	4.13972884416580200195e-07	2.90106981992721557617e-07	4.09781932830810546875e-07	4.39118593931198120117e-07	3.61818820238113403320e-07	3.42261046171188354492e-07	
3.20840626955032348633e-07	4.24683094024658203125e-07	2.42143869400024414062e-07	3.99071723222732543945e-07	4.56813722848892211914e-07	4.00468707084655761719e-07	3.80910933017730712891e-07	0.00000000000000000000e+00	3.20374965667724609375e-07	2.91038304567337036133e-07	3.21306288242340087891e-07	2.91038304567337036133e-07	3.93949449062347412109e-07	3.31085175275802612305e-07	7.91624188423156738281e-08	3.31085175275802612305e-07	1.77416950464248657227e-07	2.41678208112716674805e-07	3.14787030220031738281e-07	2.06287950277328491211e-07	2.06287950277328491211e-07	1.77416950464248657227e-07	2.06287950277328491211e-07	2.06287950277328491211e-07	2.42143869400024414062e-07	1.15018337965011596680e-07	2.05822288990020751953e-07	2.05822288990020751953e-07	4.48897480964660644531e-07	2.05822288990020751953e-07	2.05822288990020751953e-07	3.40398401021957397461e-07	3.40398401021957397461e-07	2.06287950277328491211e-07	4.40515577793121337891e-07	4.24683094024658203125e-07	2.79396772384643554688e-07	2.79396772384643554688e-07	3.97209078073501586914e-07	4.24683094024658203125e-07	3.38070094585418701172e-07	4.24683094024658203125e-07	3.96743416786193847656e-07	3.38070094585418701172e-07	2.84984707832336425781e-07	3.96743416786193847656e-07	4.24683094024658203125e-07	1.64378434419631958008e-07	3.50177288055419921875e-07	3.50177288055419921875e-07	1.49477273225784301758e-07	4.05590981245040893555e-07	1.14552676677703857422e-07	1.53668224811553955078e-07	4.07919287681579589844e-07	3.58093529939651489258e-07	3.66475433111190795898e-07	3.66475433111190795898e-07	4.07919287681579589844e-07	3.57627868652343750000e-07	3.90224158763885498047e-07	5.30853867530822753906e-07	3.57627868652343750000e-07	4.13041561841964721680e-07	1.53668224811553955078e-07	3.85567545890808105469e-07	3.34810465574264526367e-07	3.36207449436187744141e-07	1.53202563524246215820e-07	3.75322997570037841797e-07	3.48780304193496704102e-07	1.81142240762710571289e-07	2.61235982179641723633e-07	2.61235982179641723633e-07	2.61235982179641723633e-07	2.89175659418106079102e-07	1.80676579475402832031e-07	2.60304659605026245117e-07	1.80676579475402832031e-07	4.00003045797348022461e-07	1.80676579475402832031e-07	2.73343175649642944336e-07	2.73343175649642944336e-07	3.08733433485031127930e-07	2.60304659605026245117e-07	3.02214175462722778320e-07	1.80676579475402832031e-07	4.27011400461196899414e-07	2.92900949716567993164e-07	2.46800482273101806641e-07	3.18977981805801391602e-07	2.60304659605026245117e-07	1.83936208486557006836e-07	4.75905835628509521484e-07	4.75905835628509521484e-07	2.41212546825408935547e-07	3.32016497850418090820e-07	4.33530658483505249023e-07	2.41678208112716674805e-07	1.35973095893859863281e-07	
3.62284481525421142578e-07	1.57393515110015869141e-07	3.11993062496185302734e-07	2.84519046545028686523e-07	1.74622982740402221680e-07	2.17929482460021972656e-07	1.91386789083480834961e-07	3.20374965667724609375e-07	0.00000000000000000000e+00	2.07684934139251708984e-07	4.81493771076202392578e-07	2.07684934139251708984e-07	3.03145498037338256836e-07	2.69152224063873291016e-07	4.07453626394271850586e-07	2.69152224063873291016e-07	2.93366611003875732422e-07	3.11993062496185302734e-07	2.02562659978866577148e-07	2.63098627328872680664e-07	2.63098627328872680664e-07	2.93366611003875732422e-07	2.63098627328872680664e-07	2.63098627328872680664e-07	3.11993062496185302734e-07	4.47500497102737426758e-07	2.62167304754257202148e-07	2.62167304754257202148e-07	4.47966158390045166016e-07	2.62167304754257202148e-07	2.62167304754257202148e-07	3.75788658857345581055e-07	3.75788658857345581055e-07	2.63098627328872680664e-07	3.76254320144653320312e-07	1.57393515110015869141e-07	2.73343175649642944336e-07	2.73343175649642944336e-07	1.20606273412704467773e-07	1.57393515110015869141e-07	2.48663127422332763672e-07	1.57393515110015869141e-07	1.20606273412704467773e-07	2.48663127422332763672e-07	2.07219272851943969727e-07	1.20606273412704467773e-07	1.57393515110015869141e-07	1.94646418094635009766e-07	2.12807208299636840820e-07	2.12807208299636840820e-07	2.14669853448867797852e-07	2.31899321079254150391e-07	3.20374965667724609375e-07	3.71132045984268188477e-07	2.47731804847717285156e-07	2.50060111284255981445e-07	3.53436917066574096680e-07	3.53436917066574096680e-07	2.47731804847717285156e-07	2.50525772571563720703e-07	9.96515154838562011719e-08	4.44240868091583251953e-07	2.50525772571563720703e-07	3.15718352794647216797e-07	3.71132045984268188477e-07	3.27359884977340698242e-07	1.72294676303863525391e-07	2.44472175836563110352e-07	3.70666384696960449219e-07	2.09081918001174926758e-07	3.65544110536575317383e-07	4.11644577980041503906e-07	1.41095370054244995117e-07	1.41095370054244995117e-07	1.41095370054244995117e-07	1.69035047292709350586e-07	4.10713255405426025391e-07	2.93832272291183471680e-07	4.10713255405426025391e-07	4.65661287307739257812e-09	4.10713255405426025391e-07	2.63564288616180419922e-07	2.63564288616180419922e-07	4.55882400274276733398e-07	2.94297933578491210938e-07	4.74974513053894042969e-07	4.10713255405426025391e-07	3.98140400648117065430e-07	2.37952917814254760742e-07	1.64378434419631958008e-07	3.84170562028884887695e-07	2.94297933578491210938e-07	3.56696546077728271484e-07	3.94880771636962890625e-07	3.94880771636962890625e-07	2.14669853448867797852e-07	3.55765223503112792969e-07	4.39584255218505859375e-07	1.96043401956558227539e-07	2.97091901302337646484e-07	
1.95577740669250488281e-07	2.81725078821182250977e-07	3.27825546264648437500e-07	3.02679836750030517578e-07	3.08267772197723388672e-07	2.50991433858871459961e-07	2.91503965854644775391e-07	2.91038304567337036133e-07	2.07684934139251708984e-07	0.00000000000000000000e+00	3.59490513801574707031e-07	2.67289578914642333984e-07	2.55648046731948852539e-07	2.82190740108489990234e-07	2.92435288429260253906e-07	2.82190740108489990234e-07	1.87661498785018920898e-07	3.27359884977340698242e-07	1.70432031154632568359e-07	2.62632966041564941406e-07	2.62632966041564941406e-07	1.87661498785018920898e-07	2.62632966041564941406e-07	2.62632966041564941406e-07	3.27825546264648437500e-07	3.17580997943878173828e-07	2.62167304754257202148e-07	2.62167304754257202148e-07	2.21654772758483886719e-07	2.62167304754257202148e-07	2.62167304754257202148e-07	2.42143869400024414062e-07	2.42143869400024414062e-07	2.62632966041564941406e-07	2.73808836936950683594e-07	2.81725078821182250977e-07	3.58559191226959228516e-07	3.58559191226959228516e-07	2.34693288803100585938e-07	2.81725078821182250977e-07	2.77534127235412597656e-07	2.81725078821182250977e-07	2.34227627515792846680e-07	2.77534127235412597656e-07	4.64729964733123779297e-07	2.34693288803100585938e-07	2.81725078821182250977e-07	3.33413481712341308594e-07	2.71480530500411987305e-07	2.71480530500411987305e-07	5.61121851205825805664e-07	3.45986336469650268555e-07	3.30619513988494873047e-07	3.22237610816955566406e-07	2.44006514549255371094e-07	2.52854079008102416992e-07	3.64612787961959838867e-07	3.64612787961959838867e-07	2.44006514549255371094e-07	2.52854079008102416992e-07	6.89178705215454101562e-08	1.63447111845016479492e-07	2.52854079008102416992e-07	4.00003045797348022461e-07	3.22237610816955566406e-07	1.63912773132324218750e-07	1.08033418655395507812e-07	1.83004885911941528320e-07	3.21771949529647827148e-07	3.04542481899261474609e-07	1.33644789457321166992e-07	3.31550836563110351562e-07	9.87201929092407226562e-08	9.87201929092407226562e-08	9.87201929092407226562e-08	2.21654772758483886719e-07	3.31085175275802612305e-07	3.78582626581192016602e-07	3.31085175275802612305e-07	2.76137143373489379883e-07	3.31085175275802612305e-07	2.28639692068099975586e-07	2.28639692068099975586e-07	3.50642949342727661133e-07	3.78582626581192016602e-07	3.25497239828109741211e-07	3.31085175275802612305e-07	3.02679836750030517578e-07	5.40167093276977539062e-07	1.50874257087707519531e-07	3.50642949342727661133e-07	3.78582626581192016602e-07	2.93366611003875732422e-07	1.81607902050018310547e-07	1.81607902050018310547e-07	2.56113708019256591797e-07	3.08267772197723388672e-07	4.24683094024658203125e-07	4.66126948595046997070e-07	5.46220690011978149414e-07	
3.61353158950805664062e-07	4.49363142251968383789e-07	3.24565917253494262695e-07	4.02331352233886718750e-07	3.50177288055419921875e-07	2.90572643280029296875e-07	3.11061739921569824219e-07	3.21306288242340087891e-07	4.81493771076202392578e-07	3.59490513801574707031e-07	0.00000000000000000000e+00	3.59490513801574707031e-07	3.28756868839263916016e-07	2.48663127422332763672e-07	1.96043401956558227539e-07	2.48663127422332763672e-07	2.61235982179641723633e-07	3.23634594678878784180e-07	2.97557562589645385742e-07	3.97674739360809326172e-07	3.97674739360809326172e-07	2.61235982179641723633e-07	3.97674739360809326172e-07	3.97674739360809326172e-07	3.24100255966186523438e-07	1.78348273038864135742e-07	3.97209078073501586914e-07	3.97209078073501586914e-07	3.01748514175415039062e-07	3.97209078073501586914e-07	3.97209078073501586914e-07	2.77999788522720336914e-07	2.77999788522720336914e-07	3.97674739360809326172e-07	1.78813934326171875000e-07	4.49363142251968383789e-07	3.77185642719268798828e-07	3.77185642719268798828e-07	3.49711626768112182617e-07	4.49363142251968383789e-07	2.77534127235412597656e-07	4.49363142251968383789e-07	3.49711626768112182617e-07	2.77534127235412597656e-07	2.25845724344253540039e-07	3.49711626768112182617e-07	4.49363142251968383789e-07	2.16998159885406494141e-07	2.26777046918869018555e-07	2.26777046918869018555e-07	5.49480319023132324219e-08	4.74508851766586303711e-07	9.08039510250091552734e-08	1.26194208860397338867e-07	3.47383320331573486328e-07	2.88244336843490600586e-07	3.39932739734649658203e-07	3.39932739734649658203e-07	3.47383320331573486328e-07	2.88709998130798339844e-07	3.28756868839263916016e-07	3.52505594491958618164e-07	2.88709998130798339844e-07	3.71597707271575927734e-07	1.26194208860397338867e-07	3.86033207178115844727e-07	3.41795384883880615234e-07	1.55996531248092651367e-07	1.25728547573089599609e-07	3.26428562402725219727e-07	3.68803739547729492188e-07	1.34576112031936645508e-07	2.51457095146179199219e-07	2.51457095146179199219e-07	2.51457095146179199219e-07	3.36207449436187744141e-07	1.34110450744628906250e-07	2.45869159698486328125e-07	1.34110450744628906250e-07	3.11993062496185302734e-07	1.34110450744628906250e-07	2.39349901676177978516e-07	2.39349901676177978516e-07	3.07802110910415649414e-07	2.45869159698486328125e-07	2.84519046545028686523e-07	1.34110450744628906250e-07	2.51922756433486938477e-07	1.61584466695785522461e-07	2.17463821172714233398e-07	2.57510691881179809570e-07	2.45869159698486328125e-07	1.87195837497711181641e-07	3.31085175275802612305e-07	3.31085175275802612305e-07	2.96160578727722167969e-07	2.16066837310791015625e-07	2.23983079195022583008e-07	2.58907675743103027344e-07	1.36904418468475341797e-07	
1.95577740669250488281e-07	2.81725078821182250977e-07	3.27825546264648437500e-07	3.02679836750030517578e-07	3.08267772197723388672e-07	2.50991433858871459961e-07	2.91503965854644775391e-07	2.91038304567337036133e-07	2.07684934139251708984e-07	2.67289578914642333984e-07	3.59490513801574707031e-07	0.00000000000000000000e+00	2.55648046731948852539e-07	2.82190740108489990234e-07	2.92435288429260253906e-07	2.82190740108489990234e-07	1.87661498785018920898e-07	3.27359884977340698242e-07	1.70432031154632568359e-07	2.62632966041564941406e-07	2.62632966041564941406e-07	1.87661498785018920898e-07	2.62632966041564941406e-07	2.62632966041564941406e-07	3.27825546264648437500e-07	3.17580997943878173828e-07	2.62167304754257202148e-07	2.62167304754257202148e-07	2.21654772758483886719e-07	2.62167304754257202148e-07	2.62167304754257202148e-07	2.42143869400024414062e-07	2.42143869400024414062e-07	2.62632966041564941406e-07	2.73808836936950683594e-07	2.81725078821182250977e-07	3.58559191226959228516e-07	3.58559191226959228516e-07	2.34693288803100585938e-07	2.81725078821182250977e-07	2.77534127235412597656e-07	2.81725078821182250977e-07	2.34227627515792846680e-07	2.77534127235412597656e-07	4.64729964733123779297e-07	2.34693288803100585938e-07	2.81725078821182250977e-07	3.33413481712341308594e-07	2.71480530500411987305e-07	2.71480530500411987305e-07	5.61121851205825805664e-07	3.45986336469650268555e-07	3.30619513988494873047e-07	3.22237610816955566406e-07	2.44006514549255371094e-07	2.52854079008102416992e-07	3.64612787961959838867e-07	3.64612787961959838867e-07	2.44006514549255371094e-07	2.52854079008102416992e-07	6.89178705215454101562e-08	1.63447111845016479492e-07	2.52854079008102416992e-07	4.00003045797348022461e-07	3.22237610816955566406e-07	1.63912773132324218750e-07	1.08033418655395507812e-07	1.83004885911941528320e-07	3.21771949529647827148e-07	3.04542481899261474609e-07	1.33644789457321166992e-07	3.31550836563110351562e-07	9.87201929092407226562e-08	9.87201929092407226562e-08	9.87201929092407226562e-08	2.21654772758483886719e-07	3.31085175275802612305e-07	3.78582626581192016602e-07	3.31085175275802612305e-07	2.76137143373489379883e-07	3.31085175275802612305e-07	2.28639692068099975586e-07	2.28639692068099975586e-07	3.50642949342727661133e-07	3.78582626581192016602e-07	3.25497239828109741211e-07	3.31085175275802612305e-07	3.02679836750030517578e-07	5.40167093276977539062e-07	1.50874257087707519531e-07	3.50642949342727661133e-07	3.78582626581192016602e-07	2.93366611003875732422e-07	1.81607902050018310547e-07	1.81607902050018310547e-07	2.56113708019256591797e-07	3.08267772197723388672e-07	4.24683094024658203125e-07	4.66126948595046997070e-07	5.46220690011978149414e-07	
2.62632966041564941406e-07	1.70897692441940307617e-07	2.74274498224258422852e-07	1.82539224624633789062e-07	1.72760337591171264648e-07	4.72646206617355346680e-07	4.24683094024658203125e-07	3.93949449062347412109e-07	3.03145498037338256836e-07	2.55648046731948852539e-07	3.28756868839263916016e-07	2.55648046731948852539e-07	0.00000000000000000000e+00	2.17929482460021972656e-07	4.45172190666198730469e-07	2.17929482460021972656e-07	4.20492142438888549805e-07	2.73808836936950683594e-07	2.70549207925796508789e-07	2.28639692068099975586e-07	2.28639692068099975586e-07	4.20492142438888549805e-07	2.28639692068099975586e-07	2.28639692068099975586e-07	2.74274498224258422852e-07	4.20026481151580810547e-07	2.27708369493484497070e-07	2.27708369493484497070e-07	3.14321368932723999023e-07	2.27708369493484497070e-07	2.27708369493484497070e-07	3.48780304193496704102e-07	3.48780304193496704102e-07	2.28639692068099975586e-07	3.70200723409652709961e-07	1.70897692441940307617e-07	4.05590981245040893555e-07	4.05590981245040893555e-07	3.19443643093109130859e-07	1.70897692441940307617e-07	1.67638063430786132812e-07	1.70897692441940307617e-07	3.19443643093109130859e-07	1.67638063430786132812e-07	3.56696546077728271484e-07	3.19443643093109130859e-07	1.70897692441940307617e-07	3.77185642719268798828e-07	3.42726707458496093750e-07	3.42726707458496093750e-07	1.86730176210403442383e-07	1.93715095520019531250e-07	1.71363353729248046875e-07	4.23751771450042724609e-07	3.22237610816955566406e-07	4.58210706710815429688e-07	2.04425305128097534180e-07	2.04425305128097534180e-07	3.22237610816955566406e-07	4.57745045423507690430e-07	2.32830643653869628906e-07	3.46451997756958007812e-07	4.57745045423507690430e-07	2.71480530500411987305e-07	4.23751771450042724609e-07	3.49711626768112182617e-07	4.12110239267349243164e-07	2.23517417907714843750e-07	4.22820448875427246094e-07	2.58442014455795288086e-07	2.47266143560409545898e-07	4.02331352233886718750e-07	2.99420207738876342773e-07	2.99420207738876342773e-07	2.99420207738876342773e-07	3.45055013895034790039e-07	4.01865690946578979492e-07	2.10944563150405883789e-07	4.01865690946578979492e-07	3.77651304006576538086e-07	4.01865690946578979492e-07	2.82190740108489990234e-07	2.82190740108489990234e-07	2.29571014642715454102e-07	2.10944563150405883789e-07	1.93249434232711791992e-07	4.01865690946578979492e-07	1.14552676677703857422e-07	4.61470335721969604492e-07	2.67289578914642333984e-07	2.87778675556182861328e-07	2.10944563150405883789e-07	3.80910933017730712891e-07	3.03611159324645996094e-07	3.03611159324645996094e-07	2.75205820798873901367e-07	3.59024852514266967773e-07	1.65309756994247436523e-07	4.16301190853118896484e-07	1.38767063617706298828e-07	
8.28877091407775878906e-08	2.75205820798873901367e-07	2.83122062683105468750e-07	2.58442014455795288086e-07	3.20374965667724609375e-07	2.42143869400024414062e-07	9.12696123123168945312e-08	3.31085175275802612305e-07	2.69152224063873291016e-07	2.82190740108489990234e-07	2.48663127422332763672e-07	2.82190740108489990234e-07	2.17929482460021972656e-07	0.00000000000000000000e+00	4.04659658670425415039e-07	2.42143869400024414062e-07	2.01631337404251098633e-07	2.83122062683105468750e-07	3.33413481712341308594e-07	2.42143869400024414062e-07	2.42143869400024414062e-07	2.01631337404251098633e-07	2.42143869400024414062e-07	2.42143869400024414062e-07	2.83587723970413208008e-07	3.59956175088882446289e-07	2.41678208112716674805e-07	2.41678208112716674805e-07	2.50060111284255981445e-07	2.41678208112716674805e-07	2.41678208112716674805e-07	4.06056642532348632812e-07	4.06056642532348632812e-07	2.42143869400024414062e-07	3.04076820611953735352e-07	2.75205820798873901367e-07	3.43658030033111572266e-07	3.43658030033111572266e-07	2.58442014455795288086e-07	2.75205820798873901367e-07	3.84636223316192626953e-07	2.75205820798873901367e-07	2.58442014455795288086e-07	3.84636223316192626953e-07	4.72646206617355346680e-07	2.58442014455795288086e-07	2.75205820798873901367e-07	3.34810465574264526367e-07	2.69617885351181030273e-07	2.69617885351181030273e-07	4.09781932830810546875e-07	2.88709998130798339844e-07	2.77534127235412597656e-07	3.48314642906188964844e-07	2.43540853261947631836e-07	3.27825546264648437500e-07	2.98023223876953125000e-07	2.98023223876953125000e-07	2.43540853261947631836e-07	3.27359884977340698242e-07	1.22003257274627685547e-07	2.53319740295410156250e-07	3.27359884977340698242e-07	2.13272869586944580078e-07	3.48314642906188964844e-07	3.41795384883880615234e-07	3.59956175088882446289e-07	3.13390046358108520508e-07	3.47848981618881225586e-07	3.68338078260421752930e-07	4.20957803726196289062e-07	3.06870788335800170898e-07	1.48545950651168823242e-07	1.48545950651168823242e-07	1.48545950651168823242e-07	2.81259417533874511719e-07	3.06405127048492431641e-07	2.35158950090408325195e-07	3.06405127048492431641e-07	1.64844095706939697266e-07	3.06405127048492431641e-07	2.91038304567337036133e-07	2.91038304567337036133e-07	2.55648046731948852539e-07	2.37021595239639282227e-07	3.00817191600799560547e-07	3.06405127048492431641e-07	2.98023223876953125000e-07	5.04311174154281616211e-07	2.43075191974639892578e-07	4.47034835815429687500e-07	2.37021595239639282227e-07	2.91969627141952514648e-07	1.80676579475402832031e-07	1.80676579475402832031e-07	2.35158950090408325195e-07	3.12458723783493041992e-07	3.69269400835037231445e-07	3.72063368558883666992e-07	3.40864062309265136719e-07	
